$ 3 0.000005 10.20027730826997 50 5 50 5e-11
r 480 208 552 208 0 510
r 696 320 752 320 0 12
r 688 208 848 208 0 40
w 600 208 688 208 0
w 696 320 648 320 0
w 848 208 848 320 0
w 832 320 848 320 0
w 416 288 416 384 0
w 416 384 848 384 0
w 848 384 848 320 0
v 416 288 416 208 0 0 40 12 0 0 0.5
162 552 208 592 208 2 default-led 1 0 0 0.01
f 816 272 816 320 32 1.5 0.02
r 752 320 800 320 0 2200
w 816 272 752 272 0
s 688 272 688 224 0 0 false
w 688 224 688 208 0
w 688 272 752 272 0
w 600 264 536 264 0
w 752 272 752 320 0
w 600 264 600 208 0
w 648 320 432 320 0
w 432 320 432 288 0
w 432 288 416 288 0
w 592 208 592 168 0
w 592 168 368 168 0
w 368 168 368 288 0
w 368 288 416 288 0
s 480 208 432 208 0 0 false
w 416 208 432 208 0
w 536 264 480 264 0
w 480 264 480 208 0
